$ 1 0.000005 4.43302224444953 55 5 50 5e-11
g 64 256 64 320 0 0
w 64 160 192 160 0
r 192 160 224 160 0 0.5
R 64 160 64 192 0 2 0.011111 0.81 0 0 0.66667
w 64 256 64 208 0
w 64 208 64 224 0
w 64 224 64 240 0
w 64 240 64 256 0
w 64 160 64 128 0
r 64 128 64 96 0 0.2
g 64 48 64 16 0 0
w 224 160 448 160 0
r 448 160 448 224 0 27.38
g 448 224 448 288 0 0
w 448 160 400 160 0
w 400 160 352 160 0
w 352 160 304 160 0
159 400 160 400 192 2 0.001 10000000000 2.5
r 400 192 400 240 0 54.76
g 400 240 400 288 0 0
159 352 160 352 192 2 0.001 10000000000 2.5
r 352 192 352 240 0 13.69
g 352 240 352 288 0 0
159 304 160 304 192 2 20 10000000000 2.5
r 304 192 304 240 0 27.38
g 304 240 304 288 0 0
R 400 400 400 432 0 2 0.025 5 0 0 0.5
w 400 400 384 400 0
w 384 400 384 176 0
R 304 400 304 432 0 2 0.033333 5 0 0 0.16667
w 304 400 320 400 0
w 320 400 320 176 0
w 320 176 336 176 0
R 208 400 208 432 0 2 0.011111 5 0 0 0.66667
w 208 400 256 400 0
w 256 400 256 176 0
w 256 176 288 176 0
v 64 48 64 96 0 0 40 5 0 0 0.5
