$ 1 0.000005 10.20027730826997 50 5 50 5e-11
g 128 416 128 480 0 0
w 128 352 240 352 0
R 128 416 128 384 0 2 0.0111 0.81 0 0 0.667
w 128 352 128 368 0
w 128 368 128 352 0
w 240 352 240 384 0
r 240 384 240 416 0 0.2
g 240 416 240 496 0 0
w 240 432 304 432 0
v 336 432 304 432 0 0 40 7.4 0 0 0.5
w 240 352 384 352 0
w 384 352 384 368 0
r 384 368 384 432 0 0.5
w 384 432 336 432 0
w 384 432 384 448 0
r 384 448 384 480 0 27.38
g 384 480 384 496 0 0
w 384 432 432 432 0
w 432 432 432 448 0
r 432 448 432 496 0 54.76
g 432 496 432 512 0 0
w 432 432 480 432 0
w 480 432 480 464 0
r 480 464 480 496 0 13.69
g 480 496 480 512 0 0
w 480 432 528 432 0
w 528 432 528 464 0
r 528 464 528 496 0 1000
